year,state,total,male,female
1978,AL,5625,5368,257
1978,AK,712,678,34
1978,AZ,3456,3275,181
1978,AR,2654,2553,101
1978,CA,21325,20178,1147
1978,CO,2486,2419,67
1978,CT,3189,3044,145
1978,DE,1325,1261,64
1978,DC,2864,2784,80
1978,FL,21436,20572,864
1978,GA,11317,10762,555
1978,HI,727,690,37
1978,ID,802,772,30
1978,IL,11258,10918,340
1978,IN,4923,4754,169
1978,IA,1982,1909,73
1978,KS,2341,2243,98
1978,KY,3390,3279,111
1978,LA,7291,7083,208
1978,ME,711,695,16
1978,MD,7966,7722,244
1978,MA,2806,2724,82
1978,MI,14944,14323,621
1978,MN,1954,1878,76
1978,MS,2896,2785,111
1978,MO,5637,5455,182
1978,MT,690,675,15
1978,NE,1347,1264,83
1978,NV,1350,1274,76
1978,NH,283,277,6
1978,NJ,5869,5693,176
1978,NM,1593,1526,67
1978,NY,20459,19899,560
1978,NC,13252,12718,534
1978,ND,200,196,4
1978,OH,13107,12569,538
1978,OK,4186,4010,176
1978,OR,2879,2757,122
1978,PA,7814,7585,229
1978,RI,664,648,16
1978,SC,7536,7234,302
1978,SD,532,514,18
1978,TN,5835,5574,261
1978,TX,24575,23570,1005
1978,UT,911,875,36
1978,VT,441,430,11
1978,VA,8344,7985,359
1978,WA,4487,4251,236
1978,WV,1237,1208,29
1978,WI,3432,3285,147
1978,WY,433,414,19
1978,ST,277473,266555,10918
1978,US,307276,294530,12746
1978,FE,29803,27975,1828
1979,AL,5464,5221,243
1979,AK,760,729,31
1979,AZ,3749,3573,176
1979,AR,3042,2927,115
1979,CA,22632,21400,1232
1979,CO,2668,2587,81
1979,CT,4061,3919,142
1979,DE,1419,1355,64
1979,DC,2973,2899,74
1979,FL,19748,18919,829
1979,GA,12106,11556,550
1979,HI,856,809,47
1979,ID,830,796,34
1979,IL,11935,11469,466
1979,IN,5667,5475,192
1979,IA,2272,2176,96
1979,KS,2290,2208,82
1979,KY,3691,3550,141
1979,LA,7618,7382,236
1979,ME,776,758,18
1979,MD,7860,7638,222
1979,MA,2924,2837,87
1979,MI,15002,14374,628
1979,MN,2094,2017,77
1979,MS,3508,3401,107
1979,MO,5279,5076,203
1979,MT,715,695,20
1979,NE,1291,1228,63
1979,NV,1566,1475,91
1979,NH,316,311,5
1979,NJ,5852,5664,188
1979,NM,1556,1509,47
1979,NY,20856,20259,597
1979,NC,14255,13691,564
1979,ND,186,184,2
1979,OH,13360,12762,598
1979,OK,4250,4073,177
1979,OR,3179,3059,120
1979,PA,7772,7524,248
1979,RI,738,721,17
1979,SC,7643,7327,316
1979,SD,562,538,24
1979,TN,6629,6346,283
1979,TX,26522,25355,1167
1979,UT,960,926,34
1979,VT,431,420,11
1979,VA,8449,8148,301
1979,WA,4342,4137,205
1979,WV,1251,1218,33
1979,WI,3677,3532,145
1979,WY,504,474,30
1979,ST,288086,276627,11459
1979,US,314457,301462,12995
1979,FE,26371,24835,1536
1980,AL,6543,6278,265
1980,AK,822,801,21
1980,AZ,4372,4153,219
1980,AR,2911,2805,106
1980,CA,24569,23253,1316
1980,CO,2629,2560,69
1980,CT,4308,4102,206
1980,DE,1474,1417,57
1980,DC,3145,3075,70
1980,FL,20735,19896,839
1980,GA,12178,11610,568
1980,HI,985,954,31
1980,ID,817,792,25
1980,IL,11899,11553,346
1980,IN,6683,6442,241
1980,IA,2481,2388,93
1980,KS,2494,2381,113
1980,KY,3588,3463,125
1980,LA,8889,8586,303
1980,ME,814,793,21
1980,MD,7731,7502,229
1980,MA,3185,3079,106
1980,MI,15124,14490,634
1980,MN,2001,1936,65
1980,MS,3902,3785,117
1980,MO,5726,5490,236
1980,MT,739,714,25
1980,NE,1446,1390,56
1980,NV,1839,1739,100
1980,NH,326,321,5
1980,NJ,5884,5686,198
1980,NM,1279,1222,57
1980,NY,21815,21202,613
1980,NC,15513,14897,616
1980,ND,253,251,2
1980,OH,13489,12857,632
1980,OK,4796,4549,247
1980,OR,3177,3077,100
1980,PA,8171,7899,272
1980,RI,813,787,26
1980,SC,7862,7535,327
1980,SD,635,617,18
1980,TN,7022,6686,336
1980,TX,29892,28671,1221
1980,UT,932,905,27
1980,VT,480,464,16
1980,VA,8920,8617,303
1980,WA,4399,4209,190
1980,WV,1257,1227,30
1980,WI,3980,3826,154
1980,WY,534,505,29
1980,ST,305458,293437,12021
1980,US,329821,316401,13420
1980,FE,24363,22964,1399
1981,AL,7657,7339,318
1981,AK,1024,977,47
1981,AZ,5223,4986,237
1981,AR,3328,3197,131
1981,CA,29202,27775,1427
1981,CO,2772,2691,81
1981,CT,5263,5011,252
1981,DE,1712,1637,75
1981,DC,3479,3363,116
1981,FL,23589,22595,994
1981,GA,12444,11839,605
1981,HI,1207,1158,49
1981,ID,957,932,25
1981,IL,14328,13870,458
1981,IN,8022,7736,286
1981,IA,2670,2556,114
1981,KS,2770,2625,145
1981,KY,3993,3863,130
1981,LA,9415,9071,344
1981,ME,992,966,26
1981,MD,9335,9031,304
1981,MA,3889,3697,192
1981,MI,15157,14527,630
1981,MN,1966,1910,56
1981,MS,4624,4475,149
1981,MO,6489,6224,265
1981,MT,831,807,24
1981,NE,1488,1426,62
1981,NV,2116,2030,86
1981,NH,398,391,7
1981,NJ,7011,6725,286
1981,NM,1497,1407,90
1981,NY,25494,24728,766
1981,NC,15770,15133,637
1981,ND,280,277,3
1981,OH,14968,14205,763
1981,OK,5281,5006,275
1981,OR,3295,3192,103
1981,PA,9365,9053,312
1981,RI,962,937,25
1981,SC,8538,8177,361
1981,SD,693,664,29
1981,TN,7897,7502,395
1981,TX,31502,30050,1452
1981,UT,1140,1099,41
1981,VT,534,519,15
1981,VA,9388,9040,348
1981,WA,5336,5124,212
1981,WV,1565,1528,37
1981,WI,4385,4216,169
1981,WY,556,532,24
1981,ST,341797,327819,13978
1981,US,369930,354393,15537
1981,FE,28133,26574,1559
1982,AL,9233,8757,476
1982,AK,1322,1276,46
1982,AZ,6069,5788,281
1982,AR,3922,3755,167
1982,CA,34640,32987,1653
1982,CO,3042,2923,119
1982,CT,5156,4952,204
1982,DE,2068,1969,99
1982,DC,4081,3902,179
1982,FL,27830,26584,1246
1982,GA,14405,13745,660
1982,HI,1461,1386,75
1982,ID,1044,1013,31
1982,IL,14293,13806,487
1982,IN,8790,8440,350
1982,IA,2829,2708,121
1982,KS,3078,2918,160
1982,KY,4031,3872,159
1982,LA,10930,10514,416
1982,ME,1110,1080,30
1982,MD,11617,11251,366
1982,MA,4334,4117,217
1982,MI,14913,14289,624
1982,MN,2081,2008,73
1982,MS,5484,5298,186
1982,MO,7445,7051,394
1982,MT,914,885,29
1982,NE,1739,1658,81
1982,NV,2753,2634,119
1982,NH,445,435,10
1982,NJ,8191,7867,324
1982,NM,1718,1635,83
1982,NY,27945,27127,818
1982,NC,16569,15873,696
1982,ND,322,312,10
1982,OH,17317,16417,900
1982,OK,6500,6174,326
1982,OR,3900,3760,140
1982,PA,10508,10180,328
1982,RI,1037,1013,24
1982,SC,9137,8732,405
1982,SD,791,748,43
1982,TN,7869,7489,380
1982,TX,36149,34472,1677
1982,UT,1216,1169,47
1982,VT,599,582,17
1982,VA,10079,9715,364
1982,WA,6264,6018,246
1982,WV,1547,1500,47
1982,WI,4714,4517,197
1982,WY,702,674,28
1982,ST,384133,367975,16158
1982,US,413806,396021,17785
1982,FE,29673,28046,1627
1983,AL,9856,9375,481
1983,AK,1631,1557,74
1983,AZ,6889,6566,323
1983,AR,4246,4050,196
1983,CA,39373,37353,2020
1983,CO,3244,3108,136
1983,CT,5474,5193,281
1983,DE,2198,2091,107
1983,DC,4344,4117,227
1983,FL,26334,25154,1180
1983,GA,15358,14608,750
1983,HI,1700,1591,109
1983,ID,1187,1147,40
1983,IL,15595,15038,557
1983,IN,9296,8907,389
1983,IA,2814,2700,114
1983,KS,3705,3500,205
1983,KY,4773,4581,192
1983,LA,12812,12279,533
1983,ME,1082,1049,33
1983,MD,12617,12208,409
1983,MA,4482,4244,238
1983,MI,14510,13850,660
1983,MN,2113,2046,67
1983,MS,5586,5381,205
1983,MO,8103,7793,310
1983,MT,903,879,24
1983,NE,1629,1571,58
1983,NV,3188,3024,164
1983,NH,479,465,14
1983,NJ,9192,8850,342
1983,NM,1977,1906,71
1983,NY,30510,29679,831
1983,NC,15395,14806,589
1983,ND,410,400,10
1983,OH,18007,17030,977
1983,OK,7480,7031,449
1983,OR,3952,3807,145
1983,PA,11767,11370,397
1983,RI,1157,1120,37
1983,SC,9576,9150,426
1983,SD,826,785,41
1983,TN,8201,7803,398
1983,TX,35259,33789,1470
1983,UT,1274,1223,51
1983,VT,497,488,9
1983,VA,10093,9712,381
1983,WA,6658,6416,242
1983,WV,1611,1553,58
1983,WI,4845,4632,213
1983,WY,721,688,33
1983,ST,404929,387663,17266
1983,US,436855,417835,19020
1983,FE,31926,30172,1754
1984,AL,10482,9961,521
1984,AK,1967,1888,79
1984,AZ,7845,7482,363
1984,AR,4482,4286,196
1984,CA,43197,40892,2305
1984,CO,3231,3091,140
1984,CT,5718,5431,287
1984,DE,2202,2095,107
1984,DC,4521,4315,206
1984,FL,26914,25764,1150
1984,GA,15404,14641,763
1984,HI,1965,1858,107
1984,ID,1253,1203,50
1984,IL,17114,16479,635
1984,IN,9328,8933,395
1984,IA,2836,2733,103
1984,KS,4244,4009,235
1984,KY,4820,4617,203
1984,LA,13659,13051,608
1984,ME,1032,1005,27
1984,MD,13124,12683,441
1984,MA,4883,4619,264
1984,MI,14604,13921,683
1984,MN,2167,2088,79
1984,MS,6115,5855,260
1984,MO,8770,8425,345
1984,MT,964,929,35
1984,NE,1655,1582,73
1984,NV,3488,3260,228
1984,NH,581,567,14
1984,NJ,10363,9995,368
1984,NM,2129,2044,85
1984,NY,33109,32091,1018
1984,NC,16371,15669,702
1984,ND,432,420,12
1984,OH,18619,17601,1018
1984,OK,7872,7400,472
1984,OR,4224,4054,170
1984,PA,13090,12615,475
1984,RI,1221,1188,33
1984,SC,9892,9455,437
1984,SD,921,889,32
1984,TN,7307,6993,314
1984,TX,36682,34987,1695
1984,UT,1504,1456,48
1984,VT,501,488,13
1984,VA,10839,10406,433
1984,WA,6821,6567,254
1984,WV,1579,1528,51
1984,WI,4974,4747,227
1984,WY,724,685,39
1984,ST,427739,408941,18798
1984,US,462002,441208,20794
1984,FE,34263,32267,1996
1985,AL,11015,10453,562
1985,AK,2329,2207,122
1985,AZ,8531,8134,397
1985,AR,4611,4394,217
1985,CA,50158,47248,2910
1985,CO,3386,3238,148
1985,CT,6149,5826,323
1985,DE,2553,2422,131
1985,DC,6404,6176,228
1985,FL,28600,27296,1304
1985,GA,16262,15427,835
1985,HI,2111,1963,148
1985,ID,1344,1293,51
1985,IL,18634,17961,673
1985,IN,10056,9605,451
1985,IA,2687,2577,110
1985,KS,4732,4459,273
1985,KY,4981,4768,213
1985,LA,13890,13280,610
1985,ME,1317,1285,32
1985,MD,13005,12594,411
1985,MA,5390,5079,311
1985,MI,17755,16941,814
1985,MN,2343,2252,91
1985,MS,6392,6103,289
1985,MO,9796,9415,381
1985,MT,1129,1090,39
1985,NE,1814,1744,70
1985,NV,3771,3512,259
1985,NH,683,665,18
1985,NJ,11335,10947,388
1985,NM,2313,2187,126
1985,NY,34507,33422,1085
1985,NC,17344,16597,747
1985,ND,422,413,9
1985,OH,20864,19711,1153
1985,OK,8330,7823,507
1985,OR,4376,4188,188
1985,PA,14227,13727,500
1985,RI,1306,1267,39
1985,SC,10510,10009,501
1985,SD,1049,1008,41
1985,TN,7127,6825,302
1985,TX,37532,35938,1594
1985,UT,1633,1570,63
1985,VT,677,660,17
1985,VA,12073,11604,469
1985,WA,6919,6689,230
1985,WV,1725,1658,67
1985,WI,5425,5174,251
1985,WY,762,716,46
1985,ST,462284,441540,20744
1985,US,502507,479359,23148
1985,FE,40223,37819,2404
1986,AL,11710,11094,616
1986,AK,2460,2344,116
1986,AZ,9434,8948,486
1986,AR,4701,4477,224
1986,CA,59484,55920,3564
1986,CO,3804,3627,177
1986,CT,6905,6510,395
1986,DE,2833,2677,156
1986,DC,6618,6369,249
1986,FL,32237,30602,1635
1986,GA,16922,16025,897
1986,HI,2180,2044,136
1986,ID,1448,1387,61
1986,IL,19456,18692,764
1986,IN,10175,9771,404
1986,IA,2777,2653,124
1986,KS,5345,5048,297
1986,KY,5288,5067,221
1986,LA,14300,13673,627
1986,ME,1316,1289,27
1986,MD,13326,12882,444
1986,MA,5636,5310,326
1986,MI,20742,19724,1018
1986,MN,2462,2365,97
1986,MS,6747,6443,304
1986,MO,10309,9856,453
1986,MT,1111,1069,42
1986,NE,2044,1959,85
1986,NV,4551,4326,225
1986,NH,782,760,22
1986,NJ,12020,11603,417
1986,NM,2416,2273,143
1986,NY,38449,37123,1326
1986,NC,17698,16868,830
1986,ND,421,410,11
1986,OH,22463,21250,1213
1986,OK,9708,9021,687
1986,OR,4770,4532,238
1986,PA,15201,14610,591
1986,RI,1358,1312,46
1986,SC,11676,11075,601
1986,SD,1081,1032,49
1986,TN,7591,7178,413
1986,TX,38534,36789,1745
1986,UT,1776,1704,72
1986,VT,697,686,11
1986,VA,12930,12442,488
1986,WA,6603,6381,222
1986,WV,1472,1405,67
1986,WI,5736,5451,285
1986,WY,861,810,51
1986,ST,500564,476866,23698
1986,US,544972,518441,26531
1986,FE,44408,41575,2833
1987,AL,12827,12095,732
1987,AK,2528,2408,120
1987,AZ,10948,10339,609
1987,AR,5441,5179,262
1987,CA,66975,62823,4152
1987,CO,4808,4565,243
1987,CT,7511,7059,452
1987,DE,2982,2816,166
1987,DC,7645,7295,350
1987,FL,32445,30764,1681
1987,GA,18575,17647,928
1987,HI,2264,2106,158
1987,ID,1435,1359,76
1987,IL,19850,19071,779
1987,IN,10827,10336,491
1987,IA,2851,2729,122
1987,KS,5781,5505,276
1987,KY,6437,6144,293
1987,LA,15375,14702,673
1987,ME,1299,1270,29
1987,MD,13467,13010,457
1987,MA,6268,5859,409
1987,MI,23879,22696,1183
1987,MN,2546,2431,115
1987,MS,6880,6557,323
1987,MO,11357,10728,629
1987,MT,1207,1160,47
1987,NE,2086,1991,95
1987,NV,4434,4153,281
1987,NH,867,849,18
1987,NJ,15969,15382,587
1987,NM,2670,2533,137
1987,NY,40842,39355,1487
1987,NC,17218,16410,808
1987,ND,430,423,7
1987,OH,24240,22945,1295
1987,OK,9639,8945,694
1987,OR,5457,5152,305
1987,PA,16267,15588,679
1987,RI,1428,1348,80
1987,SC,12664,12003,661
1987,SD,1133,1080,53
1987,TN,7639,7249,390
1987,TX,38821,37279,1542
1987,UT,1853,1778,75
1987,VT,759,745,14
1987,VA,13321,12822,499
1987,WA,6131,5911,220
1987,WV,1449,1380,69
1987,WI,6143,5844,299
1987,WY,916,870,46
1987,ST,536784,510688,26096
1987,US,585084,555961,29123
1987,FE,48300,45273,3027
1988,AL,12610,11858,752
1988,AK,2588,2465,123
1988,AZ,12095,11381,714
1988,AR,5519,5224,295
1988,CA,76171,71278,4893
1988,CO,5765,5488,277
1988,CT,8005,7455,550
1988,DE,3197,3020,177
1988,DC,8831,8459,372
1988,FL,34732,32721,2011
1988,GA,18787,17858,929
1988,HI,2300,2128,172
1988,ID,1581,1497,84
1988,IL,21081,20182,899
1988,IN,11406,10904,502
1988,IA,3034,2894,140
1988,KS,5817,5540,277
1988,KY,7119,6771,348
1988,LA,16242,15573,669
1988,ME,1277,1241,36
1988,MD,14276,13760,516
1988,MA,6757,6310,447
1988,MI,27612,26279,1333
1988,MN,2799,2671,128
1988,MS,7384,7030,354
1988,MO,12176,11546,630
1988,MT,1272,1214,58
1988,NE,2156,2059,97
1988,NV,4881,4539,342
1988,NH,1019,995,24
1988,NJ,16936,16232,704
1988,NM,2825,2675,150
1988,NY,44560,42800,1760
1988,NC,17078,16295,783
1988,ND,466,458,8
1988,OH,26462,24885,1577
1988,OK,10448,9717,731
1988,OR,5991,5644,347
1988,PA,17900,17133,767
1988,RI,1906,1782,124
1988,SC,13888,13089,799
1988,SD,1020,974,46
1988,TN,7732,7330,402
1988,TX,40437,38789,1648
1988,UT,1961,1872,89
1988,VT,820,792,28
1988,VA,14184,13596,588
1988,WA,5816,5567,249
1988,WV,1455,1389,66
1988,WI,6353,6071,282
1988,WY,945,880,65
1988,ST,577672,548310,29362
1988,US,627600,594996,32604
1988,FE,49928,46686,3242
1989,AL,13907,13062,845
1989,AK,2744,2583,161
1989,AZ,13251,12471,780
1989,AR,6649,6206,443
1989,CA,87297,81297,6000
1989,CO,6908,6513,395
1989,CT,9301,8654,647
1989,DE,3458,3234,224
1989,DC,9954,9367,587
1989,FL,39999,37448,2551
1989,GA,20885,19775,1110
1989,HI,2459,2287,172
1989,ID,1850,1738,112
1989,IL,24712,23693,1019
1989,IN,12341,11717,624
1989,IA,3584,3405,179
1989,KS,5616,5370,246
1989,KY,8289,7842,447
1989,LA,17257,16559,698
1989,ME,1455,1409,46
1989,MD,16514,15786,728
1989,MA,7524,7026,498
1989,MI,31639,30053,1586
1989,MN,3103,2944,159
1989,MS,7911,7509,402
1989,MO,13921,13203,718
1989,MT,1328,1264,64
1989,NE,2393,2250,143
1989,NV,5112,4674,438
1989,NH,1166,1128,38
1989,NJ,19439,18553,886
1989,NM,3158,2994,164
1989,NY,51232,48767,2465
1989,NC,17454,16611,843
1989,ND,451,430,21
1989,OH,30538,28543,1995
1989,OK,11608,10633,975
1989,OR,6156,5816,340
1989,PA,20469,19525,944
1989,RI,2479,2274,205
1989,SC,15720,14791,929
1989,SD,1256,1175,81
1989,TN,10630,10159,471
1989,TX,44022,41953,2069
1989,UT,2394,2285,109
1989,VT,905,869,36
1989,VA,16477,15683,794
1989,WA,6928,6597,331
1989,WV,1536,1463,73
1989,WI,6788,6485,303
1989,WY,1026,943,83
1989,ST,653193,617016,36177
1989,US,712364,671752,40612
1989,FE,59171,54736,4435
1990,AL,15665,14710,955
1990,AK,2622,2494,128
1990,AZ,14261,13426,835
1990,AR,7322,6887,435
1990,CA,97309,90807,6502
1990,CO,7671,7238,433
1990,CT,10500,9817,683
1990,DE,3471,3245,226
1990,DC,9947,9341,606
1990,FL,44387,41723,2664
1990,GA,22411,21168,1243
1990,HI,2533,2362,171
1990,ID,1961,1841,120
1990,IL,27516,26333,1183
1990,IN,12736,12055,681
1990,IA,3967,3755,212
1990,KS,5775,5491,284
1990,KY,9023,8544,479
1990,LA,18599,17824,775
1990,ME,1523,1479,44
1990,MD,17848,16971,877
1990,MA,8345,7749,596
1990,MI,34267,32579,1688
1990,MN,3176,3017,159
1990,MS,8375,7927,448
1990,MO,14943,14166,777
1990,MT,1425,1349,76
1990,NE,2403,2258,145
1990,NV,5322,4916,406
1990,NH,1342,1298,44
1990,NJ,21128,20087,1041
1990,NM,3187,2994,193
1990,NY,54895,52204,2691
1990,NC,18411,17466,945
1990,ND,483,463,20
1990,OH,31822,29875,1947
1990,OK,12285,11214,1071
1990,OR,6492,6130,362
1990,PA,22290,21284,1006
1990,RI,2392,2226,166
1990,SC,17319,16266,1053
1990,SD,1341,1264,77
1990,TN,10388,9998,390
1990,TX,50042,47846,2196
1990,UT,2496,2371,125
1990,VT,1049,1013,36
1990,VA,17593,16666,927
1990,WA,7995,7560,435
1990,WV,1565,1489,76
1990,WI,7465,7117,348
1990,WY,1110,1022,88
1990,ST,708393,669325,39068
1990,US,773919,729840,44079
1990,FE,65526,60515,5011
1991,AL,16760,15705,1055
1991,AK,2706,2574,132
1991,AZ,15415,14476,939
1991,AR,7766,7329,437
1991,CA,101808,95506,6302
1991,CO,8392,7939,453
1991,CT,10977,10317,660
1991,DE,3717,3477,240
1991,DC,10455,9701,754
1991,FL,46533,43895,2638
1991,GA,23743,22347,1396
1991,HI,2700,2533,167
1991,ID,2143,2022,121
1991,IL,29115,27858,1257
1991,IN,13719,13013,706
1991,IA,4145,3949,196
1991,KS,5903,5610,293
1991,KY,9799,9286,513
1991,LA,20003,19092,911
1991,ME,1579,1517,62
1991,MD,19291,18360,931
1991,MA,9415,8779,636
1991,MI,36423,34689,1734
1991,MN,3472,3299,173
1991,MS,8904,8396,508
1991,MO,15897,15076,821
1991,MT,1478,1405,73
1991,NE,2526,2357,169
1991,NV,5823,5370,453
1991,NH,1533,1460,73
1991,NJ,23483,22376,1107
1991,NM,3119,2959,160
1991,NY,57862,54494,3368
1991,NC,18903,17882,1021
1991,ND,492,461,31
1991,OH,35744,33451,2293
1991,OK,13340,12104,1236
1991,OR,6732,6323,409
1991,PA,23388,22300,1088
1991,RI,2771,2576,195
1991,SC,18269,17224,1045
1991,SD,1374,1294,80
1991,TN,11474,11015,459
1991,TX,51677,49186,2491
1991,UT,2625,2505,120
1991,VT,1118,1081,37
1991,VA,19829,18789,1040
1991,WA,9156,8617,539
1991,WV,1502,1432,70
1991,WI,7854,7506,348
1991,WY,1099,1042,57
1991,ST,753951,711954,41997
1991,US,825559,777908,47651
1991,FE,71608,65954,5654
1992,AL,17453,16352,1101
1992,AK,2865,2716,149
1992,AZ,16477,15476,1001
1992,AR,8285,7821,464
1992,CA,109496,102749,6747
1992,CO,8997,8470,527
1992,CT,11403,10693,710
1992,DE,4062,3791,271
1992,DC,10875,10155,720
1992,FL,48302,45703,2599
1992,GA,25290,23835,1455
1992,HI,2926,2729,197
1992,ID,2256,2131,125
1992,IL,31640,30184,1456
1992,IN,13945,13207,738
1992,IA,4518,4275,243
1992,KS,6028,5706,322
1992,KY,10364,9819,545
1992,LA,20980,19954,1026
1992,ME,1519,1459,60
1992,MD,19977,19023,954
1992,MA,10053,9489,564
1992,MI,39113,37271,1842
1992,MN,3822,3634,188
1992,MS,8905,8356,549
1992,MO,16195,15276,919
1992,MT,1548,1465,83
1992,NE,2514,2341,173
1992,NV,6049,5611,438
1992,NH,1777,1698,79
1992,NJ,22653,21558,1095
1992,NM,3271,3087,184
1992,NY,61736,58237,3499
1992,NC,20454,19504,950
1992,ND,477,463,14
1992,OH,38378,35959,2419
1992,OK,14821,13421,1400
1992,OR,6583,6244,339
1992,PA,24974,23868,1106
1992,RI,2775,2594,181
1992,SC,18643,17516,1127
1992,SD,1487,1408,79
1992,TN,11849,11321,528
1992,TX,60467,58056,2411
1992,UT,2699,2575,124
1992,VT,1254,1208,46
1992,VA,21199,20036,1163
1992,WA,9959,9341,618
1992,WV,1674,1594,80
1992,WI,8191,7855,336
1992,WY,1063,999,64
1992,ST,802241,758233,44008
1992,US,882500,832093,50407
1992,FE,80259,73860,6399
1993,AL,18624,17493,1131
1993,AK,2703,2581,122
1993,AZ,17811,16774,1037
1993,AR,8625,8130,495
1993,CA,119951,112370,7581
1993,CO,9462,8920,542
1993,CT,13691,12697,994
1993,DE,4210,3953,257
1993,DC,10845,10158,687
1993,FL,53048,50349,2699
1993,GA,27783,26023,1760
1993,HI,3129,2923,206
1993,ID,2606,2458,148
1993,IL,34495,32807,1688
1993,IN,14470,13692,778
1993,IA,4898,4617,281
1993,KS,5727,5452,275
1993,KY,10440,9895,545
1993,LA,22468,21354,1114
1993,ME,1469,1419,50
1993,MD,20264,19288,976
1993,MA,10229,9576,653
1993,MI,39318,37520,1798
1993,MN,4200,4008,192
1993,MS,9907,9330,577
1993,MO,16178,15258,920
1993,MT,1541,1474,67
1993,NE,2518,2349,169
1993,NV,6412,5975,437
1993,NH,1775,1689,86
1993,NJ,23831,22698,1133
1993,NM,3498,3292,206
1993,NY,64569,61041,3528
1993,NC,21892,20772,1120
1993,ND,498,477,21
1993,OH,40641,38057,2584
1993,OK,16409,14827,1582
1993,OR,6557,6217,340
1993,PA,26050,24856,1194
1993,RI,2783,2628,155
1993,SC,18704,17599,1105
1993,SD,1553,1465,88
1993,TN,12824,12316,508
1993,TX,92013,85064,6949
1993,UT,2888,2765,123
1993,VT,1223,1175,48
1993,VA,22850,21631,1219
1993,WA,10419,9753,666
1993,WV,1805,1726,79
1993,WI,8781,8394,387
1993,WY,1129,1063,66
1993,ST,879714,828348,51366
1993,US,969301,911044,58257
1993,FE,89587,82696,6891
1994,AL,19573,18359,1214
1994,AK,3292,3074,218
1994,AZ,19746,18473,1273
1994,AR,8957,8388,569
1994,CA,126091,117846,8245
1994,CO,10717,10047,670
1994,CT,14380,13381,999
1994,DE,4466,4184,282
1994,DC,10949,10262,687
1994,FL,57163,54099,3064
1994,GA,33425,31413,2012
1994,HI,3333,3076,257
1994,ID,2811,2639,172
1994,IL,36531,34718,1813
1994,IN,15014,14188,826
1994,IA,5437,5086,351
1994,KS,6371,6027,344
1994,KY,11066,10429,637
1994,LA,24063,22768,1295
1994,ME,1474,1426,48
1994,MD,20998,19959,1039
1994,MA,11293,10587,706
1994,MI,40631,38610,2021
1994,MN,4575,4338,237
1994,MS,10930,10282,648
1994,MO,17898,16856,1042
1994,MT,1764,1671,93
1994,NE,2711,2535,176
1994,NV,6993,6552,441
1994,NH,2021,1911,110
1994,NJ,24632,23464,1168
1994,NM,3712,3521,191
1994,NY,66750,63175,3575
1994,NC,23648,22465,1183
1994,ND,536,520,16
1994,OH,41908,39313,2595
1994,OK,16631,15024,1607
1994,OR,6936,6557,379
1994,PA,28302,26980,1322
1994,RI,2919,2767,152
1994,SC,18999,17977,1022
1994,SD,1708,1605,103
1994,TN,14401,13814,587
1994,TX,118195,109356,8839
1994,UT,3045,2914,131
1994,VT,1301,1252,49
1994,VA,26968,25403,1565
1994,WA,10833,10135,698
1994,WV,2332,2241,91
1994,WI,10022,9610,412
1994,WY,1217,1135,82
1994,ST,959668,902412,57256
1994,US,1054702,990306,64396
1994,FE,95034,87894,7140
1995,AL,20718,19423,1295
1995,AK,3522,3279,243
1995,AZ,21341,19909,1432
1995,AR,8910,8387,523
1995,CA,135646,126564,9082
1995,CO,11063,10350,713
1995,CT,14802,13827,975
1995,DE,4836,4478,358
1995,DC,9800,9306,494
1995,FL,63879,60219,3660
1995,GA,34266,32230,2036
1995,HI,3560,3248,312
1995,ID,3328,3116,212
1995,IL,37658,35462,2196
1995,IN,16125,15233,892
1995,IA,5906,5481,425
1995,KS,7054,6605,449
1995,KY,12060,11326,734
1995,LA,25195,23771,1424
1995,ME,1396,1360,36
1995,MD,21453,20374,1079
1995,MA,11687,11031,656
1995,MI,41112,39270,1842
1995,MN,4846,4629,217
1995,MS,12684,11893,791
1995,MO,19134,17960,1174
1995,MT,1999,1887,112
1995,NE,3074,2863,211
1995,NV,7713,7183,530
1995,NH,2015,1906,109
1995,NJ,27066,25759,1307
1995,NM,4078,3800,278
1995,NY,68486,64871,3615
1995,NC,29253,27501,1752
1995,ND,608,579,29
1995,OH,44663,41870,2793
1995,OK,18151,16336,1815
1995,OR,7886,7421,465
1995,PA,32416,30914,1502
1995,RI,2902,2745,157
1995,SC,19611,18566,1045
1995,SD,1871,1737,134
1995,TN,15206,14569,637
1995,TX,127766,119831,7935
1995,UT,3471,3310,161
1995,VT,1279,1235,44
1995,VA,27415,25756,1659
1995,WA,11608,10815,793
1995,WV,2512,2383,129
1995,WI,11199,10697,502
1995,WY,1395,1289,106
1995,ST,1025624,964554,61070
1995,US,1125874,1057406,68468
1995,FE,100250,92852,7398
1996,AL,21760,20403,1357
1996,AK,3716,3446,270
1996,AZ,22493,20978,1515
1996,AR,9407,8859,548
1996,CA,146049,135942,10107
1996,CO,12438,11593,845
1996,CT,16571,15191,1380
1996,DE,5110,4731,379
1996,DC,9376,8915,461
1996,FL,63763,60461,3302
1996,GA,35139,32900,2239
1996,HI,4011,3626,385
1996,ID,3832,3561,271
1996,IL,38852,36603,2249
1996,IN,16960,15952,1008
1996,IA,6342,5872,470
1996,KS,7756,7280,476
1996,KY,12910,12090,820
1996,LA,26779,25218,1561
1996,ME,1426,1378,48
1996,MD,22050,20995,1055
1996,MA,11796,11046,750
1996,MI,42349,40429,1920
1996,MN,5158,4924,234
1996,MS,13859,12968,891
1996,MO,22003,20539,1464
1996,MT,2230,2109,121
1996,NE,3287,3062,225
1996,NV,8325,7713,612
1996,NH,2062,1957,105
1996,NJ,27490,26209,1281
1996,NM,4724,4346,378
1996,NY,69709,65981,3728
1996,NC,30647,28779,1868
1996,ND,722,677,45
1996,OH,46174,43369,2805
1996,OK,19593,17653,1940
1996,OR,8661,8090,571
1996,PA,34537,33060,1477
1996,RI,3271,3042,229
1996,SC,20446,19244,1202
1996,SD,2063,1922,141
1996,TN,15626,14938,688
1996,TX,132383,122450,9933
1996,UT,4002,3791,211
1996,VT,1119,1087,32
1996,VA,27655,25968,1687
1996,WA,12527,11607,920
1996,WV,2749,2600,149
1996,WI,12991,12346,645
1996,WY,1477,1365,112
1996,ST,1076375,1009265,67110
1996,US,1181919,1107109,74810
1996,FE,105544,97844,7700
1997,AL,22290,20930,1360
1997,AK,4165,3861,304
1997,AZ,23484,21924,1560
1997,AR,10021,9410,611
1997,CA,155790,144876,10914
1997,CO,13461,12512,949
1997,CT,17241,15840,1401
1997,DE,5435,5052,383
1997,DC,9353,8946,407
1997,FL,64626,61207,3419
1997,GA,36505,34223,2282
1997,HI,4978,4460,518
1997,ID,3911,3648,263
1997,IL,40788,38358,2430
1997,IN,17903,16832,1071
1997,IA,6938,6410,528
1997,KS,7911,7435,476
1997,KY,14600,13548,1052
1997,LA,29265,27397,1868
1997,ME,1620,1558,62
1997,MD,22232,21124,1108
1997,MA,11947,11214,733
1997,MI,44771,42715,2056
1997,MN,5326,5068,258
1997,MS,14296,13334,962
1997,MO,23664,22001,1663
1997,MT,2541,2350,191
1997,NE,3402,3180,222
1997,NV,9024,8329,695
1997,NH,2168,2059,109
1997,NJ,28361,26957,1404
1997,NM,4688,4314,374
1997,NY,69108,65539,3569
1997,NC,31612,29752,1860
1997,ND,797,735,62
1997,OH,48016,45174,2842
1997,OK,20542,18489,2053
1997,OR,7999,7549,450
1997,PA,34964,33540,1424
1997,RI,3371,3158,213
1997,SC,21173,19871,1302
1997,SD,2242,2073,169
1997,TN,16659,15861,798
1997,TX,140351,130051,10300
1997,UT,4301,4088,213
1997,VT,1270,1217,53
1997,VA,28385,26675,1710
1997,WA,13214,12290,924
1997,WV,3148,2962,186
1997,WI,16280,15292,988
1997,WY,1549,1413,136
1997,ST,1127686,1056801,70885
1997,US,1240659,1161468,79191
1997,FE,112973,104667,8306
1998,AL,22676,21215,1461
1998,AK,4097,3795,302
1998,AZ,25515,23718,1797
1998,AR,10638,9942,696
1998,CA,161904,150210,11694
1998,CO,14312,13242,1070
1998,CT,17605,16248,1357
1998,DE,5558,5118,440
1998,DC,9829,9470,359
1998,FL,67224,63698,3526
1998,GA,39262,36788,2474
1998,HI,4924,4494,430
1998,ID,4083,3762,321
1998,IL,43051,40405,2646
1998,IN,19197,17999,1198
1998,IA,7394,6903,491
1998,KS,8183,7660,523
1998,KY,14987,13941,1046
1998,LA,32228,30048,2180
1998,ME,1691,1621,70
1998,MD,22572,21432,1140
1998,MA,11799,11053,746
1998,MI,45879,43827,2052
1998,MN,5572,5284,288
1998,MS,16678,15465,1213
1998,MO,25060,23166,1894
1998,MT,2734,2486,248
1998,NE,3676,3427,249
1998,NV,9651,8908,743
1998,NH,2169,2053,116
1998,NJ,31121,29468,1653
1998,NM,5078,4628,450
1998,NY,72289,68686,3603
1998,NC,31961,30023,1938
1998,ND,915,846,69
1998,OH,48450,45538,2912
1998,OK,20892,18801,2091
1998,OR,9034,8509,525
1998,PA,36377,34860,1517
1998,RI,3445,3210,235
1998,SC,21764,20381,1383
1998,SD,2422,2219,203
1998,TN,21438,20178,1260
1998,TX,144510,134178,10332
1998,UT,4907,4590,317
1998,VT,1473,1421,52
1998,VA,30276,28419,1857
1998,WA,14161,13143,1018
1998,WV,3478,3267,211
1998,WI,18403,17235,1168
1998,WY,1571,1440,131
1998,ST,1184113,1108418,75695
1998,US,1307154,1222273,84881
1998,FE,123041,113855,9186
1999,AL,24658,22990,1668
1999,AK,3949,3661,288
1999,AZ,25986,24131,1855
1999,AR,11415,10627,788
1999,CA,163067,151699,11368
1999,CO,15670,14457,1213
1999,CT,18639,17180,1459
1999,DE,6983,6371,612
1999,DC,8652,8376,276
1999,FL,69596,65776,3820
1999,GA,42091,39484,2607
1999,HI,4903,4350,553
1999,ID,4842,4443,399
1999,IL,44660,41858,2802
1999,IN,19309,18087,1222
1999,IA,7232,6693,539
1999,KS,8567,7997,570
1999,KY,15317,14220,1097
1999,LA,34066,31798,2268
1999,ME,1716,1651,65
1999,MD,23095,21982,1113
1999,MA,11356,10614,742
1999,MI,46617,44590,2027
1999,MN,5969,5614,355
1999,MS,18247,16842,1405
1999,MO,26155,24264,1891
1999,MT,2951,2688,263
1999,NE,3688,3437,251
1999,NV,9494,8763,731
1999,NH,2257,2140,117
1999,NJ,31493,29631,1862
1999,NM,5174,4805,369
1999,NY,72899,69279,3620
1999,NC,31086,29206,1880
1999,ND,943,873,70
1999,OH,46842,44001,2841
1999,OK,22393,20077,2316
1999,OR,9860,9276,584
1999,PA,36525,34907,1618
1999,RI,3003,2815,188
1999,SC,22008,20561,1447
1999,SD,2506,2317,189
1999,TN,22502,21134,1368
1999,TX,163190,150688,12502
1999,UT,5322,4967,355
1999,VT,1536,1477,59
1999,VA,29789,27778,2011
1999,WA,14590,13479,1111
1999,WV,3532,3293,239
1999,WI,20390,19007,1383
1999,WY,1710,1571,139
1999,ST,1228440,1147925,80515
1999,US,1363686,1273258,90428
1999,FE,135246,125333,9913
2000,AL,26406,24580,1826
2000,AK,4173,3889,284
2000,AZ,26510,24546,1964
2000,AR,11915,11143,772
2000,CA,163001,151840,11161
2000,CO,16833,15500,1333
2000,CT,18355,16949,1406
2000,DE,6921,6324,597
2000,DC,10352,9996,356
2000,FL,71319,67214,4105
2000,GA,44232,41474,2758
2000,HI,5053,4492,561
2000,ID,5535,5042,493
2000,IL,45281,42432,2849
2000,IN,20125,18673,1452
2000,IA,7955,7363,592
2000,KS,8344,7840,504
2000,KY,14919,13858,1061
2000,LA,35207,32988,2219
2000,ME,1679,1613,66
2000,MD,23538,22319,1219
2000,MA,10722,10059,663
2000,MI,47718,45587,2131
2000,MN,6238,5870,368
2000,MS,20241,18572,1669
2000,MO,27543,25550,1993
2000,MT,3105,2799,306
2000,NE,3895,3629,266
2000,NV,10063,9217,846
2000,NH,2257,2137,120
2000,NJ,29784,28134,1650
2000,NM,5342,4831,511
2000,NY,70199,66919,3280
2000,NC,31266,29363,1903
2000,ND,1076,1008,68
2000,OH,45833,43025,2808
2000,OK,23181,20787,2394
2000,OR,10580,9984,596
2000,PA,36847,35268,1579
2000,RI,3286,3048,238
2000,SC,21778,20358,1420
2000,SD,2616,2416,200
2000,TN,22166,20797,1369
2000,TX,166719,153097,13622
2000,UT,5637,5256,381
2000,VT,1697,1617,80
2000,VA,30168,28109,2059
2000,WA,14915,13850,1065
2000,WV,3856,3553,303
2000,WI,20754,19387,1367
2000,WY,1680,1524,156
2000,ST,1248815,1165826,82989
2000,US,1394231,1300997,93234
2000,FE,145416,135171,10245
2001,AL,26741,24958,1783
2001,AK,4571,4212,359
2001,AZ,27710,25542,2168
2001,AR,12594,11743,851
2001,CA,159444,149523,9921
2001,CO,17448,16073,1375
2001,CT,19196,17749,1447
2001,DE,7003,6412,591
2001,DC,-16,-8,-8
2001,FL,72404,68122,4282
2001,GA,45937,43103,2834
2001,HI,5431,4815,616
2001,ID,5984,5443,541
2001,IL,44348,41601,2747
2001,IN,20966,19424,1542
2001,IA,7962,7327,635
2001,KS,8577,8080,497
2001,KY,15424,14286,1138
2001,LA,35810,33448,2362
2001,ME,1704,1645,59
2001,MD,23752,22545,1207
2001,MA,10588,9875,713
2001,MI,48849,46700,2149
2001,MN,6606,6223,383
2001,MS,21460,19637,1823
2001,MO,28757,26633,2124
2001,MT,3328,2965,363
2001,NE,3937,3595,342
2001,NV,10233,9392,841
2001,NH,2392,2263,129
2001,NJ,28142,26514,1628
2001,NM,5668,5151,517
2001,NY,67533,64400,3133
2001,NC,32253,30211,2042
2001,ND,1111,1010,101
2001,OH,45281,42452,2829
2001,OK,22780,20490,2290
2001,OR,11410,10749,661
2001,PA,38062,36351,1711
2001,RI,3241,3048,193
2001,SC,22576,21067,1509
2001,SD,2790,2570,220
2001,TN,23671,22203,1468
2001,TX,162070,149701,12369
2001,UT,5339,5024,315
2001,VT,1741,1646,95
2001,VA,31662,29422,2240
2001,WA,15159,14080,1079
2001,WV,4215,3869,346
2001,WI,21495,20192,1303
2001,WY,1684,1549,135
2001,ST,1247039,1165033,82006
2001,US,1404032,1311053,92979
2001,FE,156993,146020,10973
2002,AL,27947,26250,1697
2002,AK,4398,4049,349
2002,AZ,29359,26931,2428
2002,AR,13091,12237,854
2002,CA,161361,151374,9987
2002,CO,18833,17267,1566
2002,CT,20720,19026,1694
2002,DE,6778,6236,542
2002,DC,-16,-8,-8
2002,FL,75210,70615,4595
2002,GA,47445,44316,3129
2002,HI,5423,4754,669
2002,ID,5746,5154,592
2002,IL,42693,40173,2520
2002,IN,21611,20028,1583
2002,IA,8398,7695,703
2002,KS,8935,8398,537
2002,KY,15820,14551,1269
2002,LA,36032,33634,2398
2002,ME,1900,1810,90
2002,MD,24162,22898,1264
2002,MA,10329,9625,704
2002,MI,50591,48324,2267
2002,MN,7129,6674,455
2002,MS,22705,20623,2082
2002,MO,30099,27825,2274
2002,MT,3323,2978,345
2002,NE,4058,3706,352
2002,NV,10478,9627,851
2002,NH,2451,2307,144
2002,NJ,27891,26305,1586
2002,NM,5991,5473,518
2002,NY,67065,64069,2996
2002,NC,32832,30659,2173
2002,ND,1112,1009,103
2002,OH,45646,42717,2929
2002,OK,22802,20464,2338
2002,OR,12085,11273,812
2002,PA,40168,38347,1821
2002,RI,3520,3306,214
2002,SC,23715,22044,1671
2002,SD,2918,2691,227
2002,TN,24989,23254,1735
2002,TX,162003,148952,13051
2002,UT,5562,5191,371
2002,VT,1863,1731,132
2002,VA,34973,32332,2641
2002,WA,16062,14808,1254
2002,WV,4544,4182,362
2002,WI,22113,20757,1356
2002,WY,1737,1570,167
2002,ST,1276616,1190219,86397
2002,US,1440144,1342513,97631
2002,FE,163528,152294,11234
2003,AL,27913,25910,2003
2003,AK,4527,4135,392
2003,AZ,31170,28514,2656
2003,AR,13315,12449,866
2003,CA,164487,153831,10656
2003,CO,19671,17935,1736
2003,CT,19846,18298,1548
2003,DE,6794,6286,508
2003,DC,-16,-8,-8
2003,FL,82012,76847,5165
2003,GA,47208,44063,3145
2003,HI,5828,5143,685
2003,ID,5737,5146,591
2003,IL,43418,40718,2700
2003,IN,23069,21311,1758
2003,IA,8546,7830,716
2003,KS,9132,8503,629
2003,KY,16622,15211,1411
2003,LA,36047,33642,2405
2003,ME,2013,1889,124
2003,MD,23791,22543,1248
2003,MA,10232,9524,708
2003,MI,49358,47160,2198
2003,MN,7865,7430,435
2003,MS,20589,18834,1755
2003,MO,30303,28064,2239
2003,MT,3620,3201,419
2003,NE,4040,3717,323
2003,NV,10543,9663,880
2003,NH,2434,2317,117
2003,NJ,27246,25729,1517
2003,NM,6223,5647,576
2003,NY,65198,62284,2914
2003,NC,33560,31304,2256
2003,ND,1239,1126,113
2003,OH,44778,41881,2897
2003,OK,22821,20501,2320
2003,OR,12715,11832,883
2003,PA,40890,39067,1823
2003,RI,3527,3305,222
2003,SC,23719,22143,1576
2003,SD,3026,2757,269
2003,TN,25403,23577,1826
2003,TX,166911,153424,13487
2003,UT,5763,5336,427
2003,VT,1944,1809,135
2003,VA,35067,32386,2681
2003,WA,16148,14860,1288
2003,WV,4758,4353,405
2003,WI,22604,21199,1405
2003,WY,1872,1697,175
2003,ST,1295542,1206331,89211
2003,US,1468601,1367755,100846
2003,FE,173059,161424,11635
2004,AL,25887,24139,1748
2004,AK,4554,4157,397
2004,AZ,32515,29750,2765
2004,AR,13807,12845,962
2004,CA,166556,155368,11188
2004,CO,20293,18393,1900
2004,CT,19497,18009,1488
2004,DE,6927,6370,557
2004,DC,-16,-8,-8
2004,FL,85533,79873,5660
2004,GA,51104,47668,3436
2004,HI,5960,5261,699
2004,ID,6375,5728,647
2004,IL,44054,41304,2750
2004,IN,24008,22116,1892
2004,IA,8525,7768,757
2004,KS,8966,8346,620
2004,KY,17814,16254,1560
2004,LA,36939,34553,2386
2004,ME,2024,1899,125
2004,MD,23285,22105,1180
2004,MA,10144,9403,741
2004,MI,48883,46770,2113
2004,MN,8758,8214,544
2004,MS,20983,19187,1796
2004,MO,31081,28574,2507
2004,MT,3164,2841,323
2004,NE,4130,3761,369
2004,NV,11365,10487,878
2004,NH,2448,2329,119
2004,NJ,26757,25287,1470
2004,NM,6379,5798,581
2004,NY,63751,60962,2789
2004,NC,35434,33004,2430
2004,ND,1327,1198,129
2004,OH,44806,41621,3185
2004,OK,24508,22024,2484
2004,OR,13183,12198,985
2004,PA,40963,39136,1827
2004,RI,3430,3222,208
2004,SC,23428,21866,1562
2004,SD,3095,2803,292
2004,TN,25884,23979,1905
2004,TX,168105,154147,13958
2004,UT,5991,5480,511
2004,VT,1968,1825,143
2004,VA,35564,32858,2706
2004,WA,16614,15284,1330
2004,WV,5067,4608,459
2004,WI,22959,21572,1387
2004,WY,1980,1770,210
2004,ST,1316772,1224114,92658
2004,US,1497100,1392278,104822
2004,FE,180328,168164,12164
2005,AL,27888,25923,1965
2005,AK,4812,4347,465
2005,AZ,33471,30575,2896
2005,AR,13511,12367,1144
2005,CA,170676,159009,11667
2005,CO,21456,19336,2120
2005,CT,19442,17953,1489
2005,DE,6944,6389,555
2005,DC,-16,-8,-8
2005,FL,89768,83615,6153
2005,GA,48749,45856,2893
2005,HI,6146,5414,732
2005,ID,6818,6027,791
2005,IL,44919,42194,2725
2005,IN,24455,22571,1884
2005,IA,8737,7937,800
2005,KS,9068,8394,674
2005,KY,19662,17658,2004
2005,LA,36083,33774,2309
2005,ME,2023,1894,129
2005,MD,22737,21640,1097
2005,MA,10701,9913,788
2005,MI,49546,47435,2111
2005,MN,9281,8677,604
2005,MS,20515,18729,1786
2005,MO,30823,28312,2511
2005,MT,3509,3155,354
2005,NE,4455,4032,423
2005,NV,11782,10838,944
2005,NH,2530,2397,133
2005,NJ,27359,25910,1449
2005,NM,6571,5905,666
2005,NY,62743,59941,2802
2005,NC,36365,33776,2589
2005,ND,1385,1230,155
2005,OH,45854,42594,3260
2005,OK,24826,22371,2455
2005,OR,13411,12396,1015
2005,PA,42380,40351,2029
2005,RI,3654,3423,231
2005,SC,23160,21646,1514
2005,SD,3463,3107,356
2005,TN,26369,24347,2022
2005,TX,169003,155497,13506
2005,UT,6382,5807,575
2005,VT,2078,1926,152
2005,VA,35344,32676,2668
2005,WA,17382,15927,1455
2005,WV,5312,4832,480
2005,WI,22697,21348,1349
2005,WY,2047,1825,222
2005,ST,1338292,1243196,95096
2005,US,1525910,1418392,107518
2005,FE,187618,175196,12422
2006,AL,28241,26191,2050
2006,AK,5069,4551,518
2006,AZ,35801,32650,3151
2006,AR,13729,12687,1042
2006,CA,175512,163535,11977
2006,CO,22481,20179,2302
2006,CT,20566,18972,1594
2006,DE,7186,6615,571
2006,DC,-16,-8,-8
2006,FL,92969,86480,6489
2006,GA,52792,49235,3557
2006,HI,5967,5233,734
2006,ID,7124,6347,777
2006,IL,45106,42386,2720
2006,IN,26091,23924,2167
2006,IA,8838,8049,789
2006,KS,8816,8178,638
2006,KY,20000,17942,2058
2006,LA,37012,34623,2389
2006,ME,2120,1975,145
2006,MD,22945,21864,1081
2006,MA,11032,10186,846
2006,MI,51577,49407,2170
2006,MN,9108,8546,562
2006,MS,21068,19279,1789
2006,MO,30167,27588,2579
2006,MT,3563,3209,354
2006,NE,4407,3994,413
2006,NV,12839,11709,1130
2006,NH,2805,2633,172
2006,NJ,27371,25943,1428
2006,NM,6639,5972,667
2006,NY,63315,60456,2859
2006,NC,37460,34774,2686
2006,ND,1363,1206,157
2006,OH,49166,45465,3701
2006,OK,24288,21886,2402
2006,OR,13707,12687,1020
2006,PA,44397,42148,2249
2006,RI,3996,3716,280
2006,SC,23616,22013,1603
2006,SD,3359,3009,350
2006,TN,25745,23787,1958
2006,TX,172116,158317,13799
2006,UT,6433,5810,623
2006,VT,2215,2058,157
2006,VA,36688,33795,2893
2006,WA,17561,16065,1496
2006,WV,5733,5159,574
2006,WI,23415,21991,1424
2006,WY,2114,1871,243
2006,ST,1375628,1276295,99333
2006,US,1568674,1456366,112308
2006,FE,193046,180071,12975
2007,AL,29412,27254,2158
2007,AK,5167,4603,564
2007,AZ,37746,34286,3460
2007,AR,14314,13248,1066
2007,CA,174282,162654,11628
2007,CO,22841,20506,2335
2007,CT,20924,19428,1496
2007,DE,7257,6682,575
2007,DC,-16,-8,-8
2007,FL,98219,91365,6854
2007,GA,54256,50711,3545
2007,HI,5978,5232,746
2007,ID,7319,6519,800
2007,IL,45215,42391,2824
2007,IN,27132,24837,2295
2007,IA,8732,8015,717
2007,KS,8696,8071,625
2007,KY,22457,20016,2441
2007,LA,37540,35082,2458
2007,ME,2148,2009,139
2007,MD,23433,22249,1184
2007,MA,11436,10646,790
2007,MI,50233,48153,2080
2007,MN,9468,8866,602
2007,MS,22431,20469,1962
2007,MO,29857,27335,2522
2007,MT,3431,3133,298
2007,NE,4505,4106,399
2007,NV,13400,12221,1179
2007,NH,2943,2741,202
2007,NJ,26827,25417,1410
2007,NM,6466,5890,576
2007,NY,62620,59866,2754
2007,NC,37970,35344,2626
2007,ND,1416,1269,147
2007,OH,50731,46909,3822
2007,OK,24603,22141,2462
2007,OR,13948,12888,1060
2007,PA,45969,43506,2463
2007,RI,4018,3736,282
2007,SC,24239,22635,1604
2007,SD,3311,2942,369
2007,TN,26267,24344,1923
2007,TX,171790,157859,13931
2007,UT,6515,5883,632
2007,VT,2116,1998,118
2007,VA,37984,35055,2929
2007,WA,17772,16258,1514
2007,WV,6056,5422,634
2007,WI,23743,22216,1527
2007,WY,2084,1838,246
2007,ST,1397217,1296244,100973
2007,US,1596835,1482524,114311
2007,FE,199618,186280,13338
2008,AL,30508,28277,2231
2008,AK,5014,4511,503
2008,AZ,39502,35739,3763
2008,AR,14716,13656,1060
2008,CA,173670,162050,11620
2008,CO,23274,20980,2294
2008,CT,20661,19159,1502
2008,DE,7057,6502,555
2008,DC,-16,-8,-8
2008,FL,102388,95237,7151
2008,GA,52719,49027,3692
2008,HI,5955,5227,728
2008,ID,7290,6532,758
2008,IL,45474,42753,2721
2008,IN,28322,25829,2493
2008,IA,8766,8017,749
2008,KS,8539,7970,569
2008,KY,21706,19436,2270
2008,LA,38381,35865,2516
2008,ME,2195,2039,156
2008,MD,23324,22264,1060
2008,MA,11408,10657,751
2008,MI,48738,46781,1957
2008,MN,9910,9240,670
2008,MS,22754,20773,1981
2008,MO,30186,27737,2449
2008,MT,3517,3158,359
2008,NE,4520,4130,390
2008,NV,12743,11761,982
2008,NH,2702,2521,181
2008,NJ,25953,24654,1299
2008,NM,6322,5754,568
2008,NY,60347,57760,2587
2008,NC,39482,36704,2778
2008,ND,1452,1292,160
2008,OH,51686,47773,3913
2008,OK,24660,22165,2495
2008,OR,14167,13058,1109
2008,PA,49215,46451,2764
2008,RI,4045,3802,243
2008,SC,24326,22693,1633
2008,SD,3342,2987,355
2008,TN,27228,25099,2129
2008,TX,172506,158653,13853
2008,UT,6552,5912,640
2008,VT,2116,1998,118
2008,VA,38216,35249,2967
2008,WA,17926,16522,1404
2008,WV,6059,5411,648
2008,WI,23379,22022,1357
2008,WY,2084,1876,208
2008,ST,1407002,1305663,101339
2008,US,1608282,1493670,114612
2008,FE,201280,188007,13273
2009,AL,31874,29419,2455
2009,AK,5285,4696,589
2009,AZ,40544,36768,3776
2009,AR,15208,14147,1061
2009,CA,171275,160286,10989
2009,CO,22795,20694,2101
2009,CT,19716,18381,1335
2009,DE,6775,6284,491
2009,DC,-16,-8,-8
2009,FL,103915,96632,7283
2009,GA,56986,53063,3923
2009,HI,5891,5190,701
2009,ID,7400,6656,744
2009,IL,45161,42571,2590
2009,IN,28808,26302,2506
2009,IA,8813,8090,723
2009,KS,8641,8076,565
2009,KY,21638,19343,2295
2009,LA,39780,37164,2616
2009,ME,2206,2048,158
2009,MD,22255,21206,1049
2009,MA,11316,10597,719
2009,MI,45478,43723,1755
2009,MN,9986,9312,674
2009,MS,21482,19747,1735
2009,MO,30563,28136,2427
2009,MT,3605,3214,391
2009,NE,4474,4108,366
2009,NV,12482,11533,949
2009,NH,2731,2564,167
2009,NJ,25382,24176,1206
2009,NM,6363,5775,588
2009,NY,58687,56198,2489
2009,NC,39860,37052,2808
2009,ND,1486,1312,174
2009,OH,51606,47617,3989
2009,OK,24803,22230,2573
2009,OR,14403,13278,1125
2009,PA,51429,48601,2828
2009,RI,3674,3444,230
2009,SC,24288,22771,1517
2009,SD,3434,3054,380
2009,TN,26965,24956,2009
2009,TX,171249,157679,13570
2009,UT,6538,5956,582
2009,VT,2220,2065,155
2009,VA,38059,35156,2903
2009,WA,18233,16836,1397
2009,WV,6367,5683,684
2009,WI,23165,21859,1306
2009,WY,2075,1861,214
2009,ST,1407369,1307509,99860
2009,US,1615487,1502002,113485
2009,FE,208118,194493,13625
2010,AL,31764,29261,2503
2010,AK,5391,4782,609
2010,AZ,40209,36521,3688
2010,AR,16204,15040,1164
2010,CA,165062,155104,9958
2010,CO,22815,20763,2052
2010,CT,19321,18075,1246
2010,DE,6615,6149,466
2010,DC,-16,-8,-8
2010,FL,104306,96956,7350
2010,GA,56432,52598,3834
2010,HI,5912,5184,728
2010,ID,7431,6621,810
2010,IL,48418,45496,2922
2010,IN,28028,25522,2506
2010,IA,9455,8675,780
2010,KS,9051,8428,623
2010,KY,20544,18406,2138
2010,LA,39445,37037,2408
2010,ME,2154,1988,166
2010,MD,22645,21686,959
2010,MA,11313,10547,766
2010,MI,44165,42296,1869
2010,MN,9796,9158,638
2010,MS,21067,19542,1525
2010,MO,30623,28163,2460
2010,MT,3716,3291,425
2010,NE,4587,4176,411
2010,NV,12653,11689,964
2010,NH,2761,2560,201
2010,NJ,25007,23871,1136
2010,NM,6763,6161,602
2010,NY,56656,54438,2218
2010,NC,40382,37563,2819
2010,ND,1487,1308,179
2010,OH,51712,47720,3992
2010,OK,26252,23703,2549
2010,OR,14876,13745,1131
2010,PA,51264,48552,2712
2010,RI,3357,3139,218
2010,SC,23578,22105,1473
2010,SD,3434,3023,411
2010,TN,27451,25345,2106
2010,TX,173649,159298,14351
2010,UT,6807,6199,608
2010,VT,2079,1930,149
2010,VA,37638,34790,2848
2010,WA,18235,16808,1427
2010,WV,6681,5956,725
2010,WI,22729,21465,1264
2010,WY,2112,1881,231
2010,ST,1404032,1304714,99318
2010,US,1613803,1500936,112867
2010,FE,209771,196222,13549
2011,AL,32270,29696,2574
2011,AK,5597,4932,665
2011,AZ,40020,36470,3550
2011,AR,16108,14995,1113
2011,CA,149569,141382,8187
2011,CO,21978,19957,2021
2011,CT,18324,17090,1234
2011,DE,6739,6202,537
2011,DC,-16,-8,-8
2011,FL,103055,95913,7142
2011,GA,55944,52027,3917
2011,HI,6037,5304,733
2011,ID,7739,6854,885
2011,IL,48427,45562,2865
2011,IN,28906,26406,2500
2011,IA,9116,8378,738
2011,KS,9327,8647,680
2011,KY,21545,19091,2454
2011,LA,39710,37326,2384
2011,ME,2145,1981,164
2011,MD,22558,21576,982
2011,MA,11623,10832,791
2011,MI,42940,41031,1909
2011,MN,9800,9156,644
2011,MS,21386,19808,1578
2011,MO,30833,28258,2575
2011,MT,3678,3274,404
2011,NE,4616,4247,369
2011,NV,12778,11811,967
2011,NH,2614,2444,170
2011,NJ,23834,22762,1072
2011,NM,6998,6366,632
2011,NY,55436,53124,2312
2011,NC,39440,36800,2640
2011,ND,1423,1276,147
2011,OH,50964,47061,3903
2011,OK,25977,23558,2419
2011,OR,14510,13387,1123
2011,PA,51578,48795,2783
2011,RI,3337,3158,179
2011,SC,22914,21528,1386
2011,SD,3535,3094,441
2011,TN,28479,26070,2409
2011,TX,172224,158036,14188
2011,UT,6879,6266,613
2011,VT,2053,1905,148
2011,VA,38130,35321,2809
2011,WA,17847,16452,1395
2011,WV,6826,6074,752
2011,WI,22657,21472,1185
2011,WY,2183,1944,239
2011,ST,1382606,1285099,97507
2011,US,1598968,1487561,111407
2011,FE,216362,202462,13900
2012,AL,32431,29782,2649
2012,AK,5633,4934,699
2012,AZ,40080,36447,3633
2012,AR,14654,13594,1060
2012,CA,134534,128436,6098
2012,CO,20462,18739,1723
2012,CT,17530,16312,1218
2012,DE,6914,6348,566
2012,DC,-16,-8,-8
2012,FL,101930,94945,6985
2012,GA,55457,51868,3589
2012,HI,5831,5143,688
2012,ID,7985,6977,1008
2012,IL,49348,46599,2749
2012,IN,28831,26265,2566
2012,IA,8733,7949,784
2012,KS,9682,8952,730
2012,KY,22110,19425,2685
2012,LA,40172,37783,2389
2012,ME,2108,1944,164
2012,MD,21522,20646,876
2012,MA,11308,10549,759
2012,MI,43636,41647,1989
2012,MN,9938,9228,710
2012,MS,22319,20652,1667
2012,MO,31247,28544,2703
2012,MT,3609,3210,399
2012,NE,4705,4352,353
2012,NV,12883,11845,1038
2012,NH,2790,2583,207
2012,NJ,23225,22164,1061
2012,NM,6727,6096,631
2012,NY,54210,51963,2247
2012,NC,37136,34675,2461
2012,ND,1512,1341,171
2012,OH,50876,47008,3868
2012,OK,25225,22728,2497
2012,OR,14840,13609,1231
2012,PA,51125,48380,2745
2012,RI,3318,3128,190
2012,SC,22388,21051,1337
2012,SD,3650,3227,423
2012,TN,28411,26048,2363
2012,TX,166372,152823,13549
2012,UT,6962,6323,639
2012,VT,2034,1907,127
2012,VA,37044,34150,2894
2012,WA,17271,15934,1337
2012,WV,7070,6265,805
2012,WI,22600,21375,1225
2012,WY,2204,1966,238
2012,ST,1352582,1257859,94723
2012,US,1570397,1461625,108772
2012,FE,217815,203766,14049
2013,AL,32381,29660,2721
2013,AK,5081,4450,631
2013,AZ,41177,37402,3775
2013,AR,17235,15904,1331
2013,CA,135981,129684,6297
2013,CO,20371,18556,1815
2013,CT,17563,16328,1235
2013,DE,7004,6405,599
2013,DC,-16,-8,-8
2013,FL,103028,95757,7271
2013,GA,54004,50445,3559
2013,HI,5632,4972,660
2013,ID,8242,7176,1066
2013,IL,48653,45737,2916
2013,IN,29913,27078,2835
2013,IA,8697,7983,714
2013,KS,9763,9026,737
2013,KY,21030,18717,2313
2013,LA,39299,37071,2228
2013,ME,2173,2013,160
2013,MD,21335,20410,925
2013,MA,10950,10143,807
2013,MI,43759,41700,2059
2013,MN,10289,9566,723
2013,MS,21969,20352,1617
2013,MO,31537,28755,2782
2013,MT,3642,3230,412
2013,NE,5026,4656,370
2013,NV,13056,11971,1085
2013,NH,3018,2781,237
2013,NJ,22452,21427,1025
2013,NM,6931,6276,655
2013,NY,53550,51193,2357
2013,NC,36922,34430,2492
2013,ND,1576,1419,157
2013,OH,51729,47579,4150
2013,OK,27547,24769,2778
2013,OR,15517,14212,1305
2013,PA,51422,48760,2662
2013,RI,3361,3169,192
2013,SC,22060,20669,1391
2013,SD,3682,3240,442
2013,TN,28521,26069,2452
2013,TX,168280,154450,13830
2013,UT,7077,6415,662
2013,VT,2078,1924,154
2013,VA,36982,34133,2849
2013,WA,17984,16535,1449
2013,WV,6824,6016,808
2013,WI,22471,21232,1239
2013,WY,2310,2050,260
2013,ST,1361084,1263895,97189
2013,US,1576950,1465592,111358
2013,FE,215866,201697,14169
2014,AL,31771,29182,2589
2014,AK,5216,4568,648
2014,AZ,42259,38295,3964
2014,AR,17874,16476,1398
2014,CA,136088,129706,6382
2014,CO,20646,18738,1908
2014,CT,16636,15510,1126
2014,DE,6955,6361,594
2014,DC,-16,-8,-8
2014,FL,102870,95567,7303
2014,GA,52949,49438,3511
2014,HI,5866,5198,668
2014,ID,8117,7080,1037
2014,IL,48278,45390,2888
2014,IN,29271,26396,2875
2014,IA,8838,8086,752
2014,KS,9663,8881,782
2014,KY,21657,19084,2573
2014,LA,38030,35955,2075
2014,ME,2242,2063,179
2014,MD,21011,20100,911
2014,MA,10713,9985,728
2014,MI,43390,41267,2123
2014,MN,10637,9901,736
2014,MS,18793,17448,1345
2014,MO,31942,28836,3106
2014,MT,3699,3311,388
2014,NE,5441,5001,440
2014,NV,12537,11452,1085
2014,NH,2963,2715,248
2014,NJ,21590,20571,1019
2014,NM,7021,6348,673
2014,NY,52518,50192,2326
2014,NC,37096,34455,2641
2014,ND,1718,1514,204
2014,OH,51519,47311,4208
2014,OK,27650,24799,2851
2014,OR,15075,13799,1276
2014,PA,50694,47936,2758
2014,RI,3359,3201,158
2014,SC,21401,20032,1369
2014,SD,3608,3199,409
2014,TN,28769,26160,2609
2014,TX,166043,151717,14326
2014,UT,7026,6364,662
2014,VT,1979,1823,156
2014,VA,37544,34529,3015
2014,WA,18120,16666,1454
2014,WV,6896,6065,831
2014,WI,22597,21219,1378
2014,WY,2383,2106,277
2014,ST,1350958,1251996,98962
2014,US,1561525,1448564,112961
2014,FE,210567,196568,13999
